10.2,11.3,12,12.2,10.2,12.2,8.2,7.6,14.9,12.6,10.5,10.2,13.7,13.5,9.4,10.9,11.1,7.2,11.1,14.1,11.8,7.3,8.7,13.4,10.2,7.6,6.5,7,18.6,17.5,12.1
13.4,13.8,15.2,11.4,15.2,6.9,6.9,12.7,8.3,10.1,11.7,16,18.2,16,16.2,11.8,16.8,12.5,13.3,13.1,14.2,18.2,16,15.4,14.4,9.4,11.9,12.4,14.4
17.9,11.2,17.8,10.9,13.7,15.1,10.4,8.9,19.6,18.2,21.4,16.7,18.7,12.3,12,14.4,12.7,18.4,22,19.4,21,23.7,14,12.6,16,20,22.8,24.6,7.7,10.3,12.5
12.9,19.4,18.2,22.3,15.9,18.4,18,20.2,20.2,17.2,17,14.6,10.1,17.2,20.8,16.3,17.8,16.2,22.5,10.7,18.9,19.2,17,18.4,18.8,24.2,17.8,19.1,21.7,23.9
25.5,26.9,25.8,22.2,28.4,17.3,22.5,22.1,23,25.7,28.1,26.5,28.7,26.2,26.5,21.7,28.2,20.1,19.2,15.4,14.8,18.1,23.7,26.5,26.5,24.3,26.6,25.2,27.4,27.9,24.5
21.2,26.6,28.5,27.6,29.9,28.4,27.2,28.3,31,31.4,30.5,31.6,24.3,24,32.6,30.5,28.8,25.5,19.8,28.7,26.5,21,27.2,26.8,23.3,30.9,29.3,24.9,29.8,27.7
26.7,30.8,28.7,27.7,28.1,26.9,29.3,28.5,26.1,28.1,31.2,32.5,25.2,23.7,22,24.6,20.6,22,29.3,31.9,29,29.9,26,27.2,27.4,31.2,30.7,31,25.6,26.5,29.6
31.8,31.5,32.3,33.1,34.2,33.1,35.4,32.3,34.7,35.2,37.3,35.8,36.1,34.2,36.1,35.4,36.5,34.3,34.2,34.8,36,35.2,29.4,32.3,32.2,34,33.6,34.5,35,34.9,32.6
27.4,32.1,32.7,35.1,34.2,29.5,31.2,34.2,33.6,31.7,32.5,27.7,27.8,27.2,27.7,28.1,28.4,33.4,27.1,23.7,26.1,27.7,22.7,22.2,20.8,20,23.5,27.4,23.1,25.4
24.3,26.7,26.3,26.2,24.8,24.8,23.9,15.5,15.4,17.1,23.3,25.1,26.7,23.2,19.7,19.5,16,19.8,17.1,21,21.6,22.1,17.9,21.2,21.3,22.9,20.8,20.2,22.8,18.5,19.2
19.9,23.6,17.1,18.6,19.4,16.2,20.6,22.4,18.3,16.9,16.9,13.1,19,20.3,18.6,21.4,20.7,21.4,24.9,23.9,20.2,19.3,20.9,13.3,12.1,18.6,13.2,17.3,13.7,14.9
14.9,10.2,10.6,13.9,7.7,13.5,16.1,17.2,12.2,12.2,14.4,15,15.4,13.1,11.3,9.6,9.4,11.6,9.4,9.4,11.2,11.7,14.1,12.9,14,11.8,12.7,13.5,13.1,12.3,7.6